mz_rt	190715_Blk_KM1906U14-Blk_C.mzML	190715_Poo_TruePooFK180310_Full1.mzML	190715_Poo_TruePooFK180310_Full2.mzML	190715_Poo_TruePooFK180310_Full3.mzML	190715_Poo_TruePooFK180310_Half1.mzML	190715_Poo_TruePooFK180310_Half2.mzML	190715_Poo_TruePooFK180310_Half3.mzML	190715_Smp_FK180310S62C1-25m_A.mzML	190715_Smp_FK180310S62C1-25m_B.mzML	190715_Smp_FK180310S62C1-25m_C.mzML	190715_Smp_FK180310S62C1-DCM_A.mzML	190715_Smp_FK180310S62C1-DCM_B.mzML	190715_Smp_FK180310S62C1-DCM_C.mzML	190715_Smp_FK180310S64C1-25m_A.mzML	190715_Smp_FK180310S64C1-25m_B.mzML	190715_Smp_FK180310S64C1-25m_C.mzML	190715_Smp_FK180310S64C1-DCM_A.mzML	190715_Smp_FK180310S64C1-DCM_B.mzML	190715_Smp_FK180310S64C1-DCM_C.mzML	190715_Smp_FK180310S77C1-25m_A.mzML	190715_Smp_FK180310S77C1-25m_B.mzML	190715_Smp_FK180310S77C1-25m_C.mzML	190715_Smp_FK180310S77C1-DCM_A.mzML	190715_Smp_FK180310S77C1-DCM_B.mzML	190715_Smp_FK180310S77C1-DCM_C.mzML	190715_Smp_FK180310S80C1-25m_A.mzML	190715_Smp_FK180310S80C1-25m_B.mzML	190715_Smp_FK180310S80C1-25m_C.mzML	190715_Smp_FK180310S80C1-DCM_A.mzML	190715_Smp_FK180310S80C1-DCM_B.mzML	190715_Smp_FK180310S80C1-DCM_C.mzML	190715_Std_4uMStdsMix1InH2O_1.mzML	190715_Std_4uMStdsMix1InH2O_2.mzML	190715_Std_4uMStdsMix1InMatrix_1.mzML	190715_Std_4uMStdsMix1InMatrix_2.mzML	190715_Std_4uMStdsMix2InH2O_1.mzML	190715_Std_4uMStdsMix2InH2O_2.mzML	190715_Std_4uMStdsMix2InMatrix_1.mzML	190715_Std_4uMStdsMix2InMatrix_2.mzML	190715_Std_H2OinMatrix_1.mzML	190715_Std_H2OinMatrix_2.mzML
71.01263_4.14	918222.498008641	19390915.6581534	18363736.8521467	21141624.2639805	12317876.4560788	19578763.7285613	15418243.4348016	84285324.7451652	42849144.8083323	26984547.3258224	222182.755422938	16727034.8245104	14573771.3382662	23566163.0535197	22473814.6418869	37153461.3188157	6280200.0951113	13020926.822004	11525261.2754926	13987893.295314	17508188.5269809	14441524.9791659	3561457.66946208	8714906.02313613	10871966.8564224	16744892.2757728	23756767.7681144	26129362.6737542	7968599.56902487	15031869.4061032	14372207.7977071	NA	NA	15809397.1851005	29700746.1953807	NA	NA	6972187.80263803	5716440.12583333	20132144.4028296	19400527.8607116
99.00759_2.29	0	0	0	80099.6797613866	0	0	268930.598519316	58338.2581150183	0	0	0	45021.9641379924	0	83946.5346678739	128165.706805961	0	0	173891.581468208	43252.8229590636	375116.697951076	0	0	0	0	220639.323062495	0	0	0	68110.8232597986	271453.481405256	0	NA	NA	7967728.06779257	5905356.48401104	NA	NA	44974232.3741275	59944128.6543645	42037.9580635996	0
102.0266_5.97	0	0	0	41602.0019581107	0	0	0	0	0	0	0	0	0	0	0	0	0	0	0	0	0	0	0	0	0	0	0	0	0	0	53295.3656397501	0	0	0	0	730081768249.345	53980068152.2708	1279129691.43394	1406655089.12101	0	0
104.04228_6.78	0	0	0	0	0	0	0	0	0	0	0	0	0	0	0	0	0	0	0	32973.3774703249	0	0	0	0	0	0	0	0	0	0	0	NA	NA	0	0	NA	NA	54360391.9472977	87608159.8844871	0	0
108.99536_4.38	0	0	0	0	0	0	0	0	0	0	0	0	0	0	0	0	0	0	0	0	0	0	0	0	0	0	0	0	0	0	0	NA	NA	0	0	NA	NA	349568022.57059	666662902.836168	0	0
109.02836_4.02	0	66920.8115448224	59552.1155850251	107204.473591754	0	105797.742462339	68702.7135786647	51811.5682635811	70209.2294584236	0	114611.932870741	0	0	63330.8456693849	0	94844.6773152376	64199.309961656	41001.766591666	69616.2334644129	0	49760.3856429559	0	41094.6651024368	56385.7095049039	95054.96170832	38243.6898342491	46300.7338486231	45858.4169165554	59026.3425974666	55214.2450704223	106163.456460375	NA	NA	0	0	NA	NA	34484058.0418846	34327298.3297174	0	0
116.92746_15.82	8852383.80917396	31853066.0887826	22972164.5506315	34369122.405297	29002315.0940772	38058779.5994012	32005354.7573128	38522553.0532236	16950572.5615724	20300723.6792716	11087299.8611663	21748341.1801934	23725621.4791795	23301810.4451127	26897500.2887471	51592907.3397349	78406474.8125441	17156838.7993275	14300059.6974992	16994267.7472799	47405952.2722504	23168101.2858174	24422165.1026533	96427032.8677206	17460304.0040281	45136326.1043004	37844017.9072529	23263213.5119328	36113600.005686	22450972.9527972	20748307.5085726	NA	NA	18946801.9013495	14581862.4785307	NA	NA	11515518.4113542	8128150.63021425	17875793.8717958	12671458.9689431
119.01614_3.09	0	0	0	0	0	0	0	0	0	0	0	0	0	0	0	0	0	0	0	0	0	0	0	0	0	0	0	0	0	0	0	NA	NA	76276883.4376533	157541698.873061	NA	NA	0	0	0	0
122.02371_6.5	0	0	0	0	0	0	0	0	0	0	0	0	0	0	0	0	0	0	0	0	48503.6438195628	0	0	0	0	0	0	0	0	0	0	NA	NA	76909.6048312545	0	NA	NA	44063142.7291556	0	138965.227313804	0
123.01106_3.05	0	0	0	0	0	0	0	0	0	0	0	0	0	0	0	0	0	0	0	0	0	0	0	0	0	0	0	0	0	0	0	NA	NA	0	0	NA	NA	421236537.714515	791967824.864142	0	0
124.00635_9.81	1465557.97680449	23110636.6045612	22486638.0325941	21764246.6821555	24566105.9419458	24157060.7999292	22617631.9302209	26939324.5087509	13251197.1655323	108738532.961592	12034766.5734799	60716515.0626308	17954721.2192634	21670131.4206481	29517994.645622	46028801.5020123	10310850.3250274	21025630.2279897	18172507.9154017	12284850.5398581	15289578.3095589	9337462.54292014	12884645.0408421	13609410.1390785	11444267.7396757	10867139.2935789	16466626.6296062	48372380.2222929	7119396.72478005	14798839.5208659	16400242.2757708	NA	NA	20060912.3865552	20260934.8301211	NA	NA	85363653.1921144	93492762.135927	19170342.6617733	18773650.3828088
124.99036_6.14	2981010.17153514	35289470.193986	21973524.849474	29776139.6542114	27203414.5661586	28308814.0056246	31328312.3931698	51000177.6774129	44463255.1725512	91113541.8957237	26035614.502771	46204277.706567	39106714.0729583	55110640.0402454	32380101.2750835	55981628.4123212	16755804.1743379	26325460.2070366	35753537.6769919	25074340.4659789	16758351.4733662	15436210.9318375	19689021.8392671	13391770.893131	20207561.355412	20169700.0705154	30795990.4969052	41824089.6080203	12066601.3465743	30204144.7716813	26127235.0770979	NA	NA	6313968.12115144	17783246.5506414	NA	NA	19767239.1636472	35919547.7307203	9797843.15732538	11739037.2168048
126.90399_4.81	15366986.8227103	39571046.2434834	43313675.3073701	62346214.9946047	61063468.9641952	38623990.5896172	63829521.8247628	93096417.9234809	39726062.1215027	16535147.6213935	39279820.3855157	22721973.2599944	24729953.5599382	12109199.3511123	17764123.6177026	43567090.2747611	20670379.4209232	90225952.2474744	22085857.7407396	62233072.4331388	57443512.4083909	126705926.992918	3306796.38051023	25667012.8404819	29136371.8808402	63381351.7181776	60912684.1652687	66954621.4487136	23676536.2502857	32525042.0513695	19874358.5588524	NA	NA	188797104.827938	399068079.690104	NA	NA	1407771730.80121	2294022007.0655	134092691.825136	170948592.485867
134.0462_3.84	686771.581080619	10890483.9620523	13815483.0218867	13246553.0415951	11825048.580106	13305204.3600947	10812779.2701952	23605989.7304247	12904292.4281902	38677047.1099535	2113210.89166256	17920645.3079903	11979997.3189966	8639448.32824082	17942926.6285099	23897347.8543201	8916998.37657943	11142210.6191792	5501370.8109416	16498517.4041671	18227514.470434	7931688.6926146	789663.198310297	8371837.43938221	6752752.67292182	10201379.1121684	9029301.9257027	13451197.7941314	5144897.82619818	9452032.73837772	11297562.9769599	NA	NA	240725288.211671	292279723.222824	NA	NA	405136882.386046	348804311.082841	58759330.2411383	55821897.5798577
137.02344_6.73	0	0	43350.9596946655	42204.0026172339	0	0	0	0	0	0	0	0	39248.852094779	0	0	40306.9393225499	0	34844.874034338	0	0	0	0	0	0	0	0	0	40210.6546862479	0	51334.5399841141	0	NA	NA	155240.004982955	87458.7365006322	NA	NA	43933153.8519226	64773832.103968	0	0
138.02204_11.16	0	0	0	0	0	0	0	0	0	0	0	0	0	0	0	0	0	0	0	0	0	0	0	0	0	0	0	0	0	0	0	NA	NA	0	0	NA	NA	69774948.4347887	92688924.9438246	0	0
138.02205_7.84	0	0	0	0	0	0	0	0	0	0	0	29289.5778369881	0	0	0	0	0	0	0	0	0	0	0	0	0	0	0	0	0	0	0	NA	NA	0	0	NA	NA	65987706.7352451	103270591.907761	0	0
138.96965_12.99	0	0	0	0	0	0	0	0	0	0	0	0	0	0	0	0	0	0	0	0	0	0	0	0	0	0	0	0	55920.8533902318	0	0	NA	NA	0	0	NA	NA	65646387.4244442	107283458.863834	0	0
138.9697_13.94	0	0	0	0	0	0	0	0	0	0	0	0	0	0	0	0	0	0	0	0	0	0	0	0	0	0	0	0	0	0	0	NA	NA	0	0	NA	NA	0	0	0	0
141.06599_8.35	0	0	0	0	135878.983087108	0	0	0	0	0	0	0	0	0	0	0	0	0	0	0	0	0	0	0	0	0	0	0	0	0	0	NA	NA	812110.233297444	380213.77272298	NA	NA	150128855.24798	220020782.261942	185040.056104743	872789.053962767
144.06568_3.09	0	0	0	64652.7947995416	0	0	62128.0795688666	0	0	0	0	0	0	0	0	57059.0820864533	0	0	0	92066.4416652058	0	0	0	0	0	0	0	0	0	193030.957434116	0	NA	NA	61676848.8259599	95371100.2925361	NA	NA	34442.5744001874	0	0	0
145.01332_12.05	0	0	0	97412.0846033555	0	96620.6849888929	0	88933.7887372709	134359.687689131	61751.2912956962	0	119808.132884653	34239.6847819414	171072.741172063	378947.016605654	63092.8248550573	39130.1461792241	71043.14400864	114886.84595245	35752.4557060269	50276.30460273	66576.453673701	34571.615588452	91633.0202110692	0	0	0	0	0	37254.0137683306	76137.6304261502	NA	NA	32837586.9399679	44885360.1620734	NA	NA	524329.015344175	869939.091455832	603063.259462492	302799.353506806
145.06095_10.77	0	0	0	0	192120.383379466	0	0	0	0	33984.0263230641	0	0	0	0	0	0	0	0	0	0	0	0	0	0	0	0	0	0	0	0	0	NA	NA	39859712.7491789	63037544.3715392	NA	NA	24319842.5095575	25920961.6743961	31460713.6193453	34348038.0532941
145.06096_10.02	498311.113559155	7519480.54323513	8166318.91207795	6846284.75034798	7169905.65700299	8355906.93426612	6599263.66633526	27605309.5414476	18730349.950555	19557426.811799	911392.839055015	4346867.44941965	2601521.88785873	7168159.75810913	9481409.57052884	11715375.8979052	764199.769259009	1856954.39988267	1291306.65126114	14565368.7428717	13080952.475708	11976978.3410581	2638045.82403082	2324172.90372369	2345308.29428211	7535829.33421588	10280100.5780389	10943591.6631665	1009463.47922814	2583656.81108318	3334636.05209543	NA	NA	0	0	NA	NA	0	0	0	0
146.04497_10.92	1599374.81807961	20522285.608777	18765648.1768889	20373873.0045197	20252393.4813798	20471672.8405378	19673632.2303609	34355289.5135017	23742829.304343	22387049.8853033	14614298.1299847	26732738.9921253	21616468.1938144	24865617.0574125	19617269.1750504	24673323.0171256	14670131.4220114	18607373.9873267	15958299.3991262	21544014.2930803	13813923.3460704	14216118.8635144	19591615.9170347	17417838.0838932	19863444.304344	12316339.1413189	18078158.7529029	18448361.164956	15020381.8027406	27915296.8064556	31950402.0696505	NA	0	57803105.4598995	68457449.7327592	NA	NA	47768776.315837	59988335.0253476	44705976.9204639	55181008.4274776
146.04496_7.3	0	0	73899.6955323697	0	0	0	0	0	0	68838.4872809973	49962.9210219545	33508.9258338399	0	41363.5505873569	0	0	0	0	0	60828.2558701449	0	0	0	0	0	0	0	0	0	44751.852226285	0	NA	NA	47209272.3549848	49514770.2879377	NA	NA	0	0	0	0
147.01123_2.15	0	0	0	0	0	0	0	0	0	0	0	0	0	0	0	0	0	0	0	0	0	0	0	0	0	0	0	0	0	0	0	NA	NA	25287716.873838	24168319.1887096	NA	NA	0	0	0	0
149.02688_2.68	0	0	0	0	0	0	0	0	0	0	0	0	0	0	0	0	0	0	0	0	0	0	0	0	0	0	0	0	0	0	0	NA	NA	180829023.044495	270269602.553283	NA	NA	0	0	0	0
150.04125_6.68	46486.0586468864	31748499.4898721	31041849.895661	33803500.3462682	34318420.5307737	30714676.5844918	31946626.8225752	51018844.6207836	40418923.3320635	38789303.4031395	38280716.7158366	59909302.5320651	57788946.9377038	31004163.918216	26782706.0544276	27075959.0325061	35301401.5179513	45793745.2334503	29455269.1298304	14667472.7917479	33148182.5459436	13397419.3200802	48639369.3630237	22907709.0112137	32222657.7703114	19386006.5551429	20233192.7143537	25909616.8756709	27688861.5281922	44754424.2033051	46028533.403849	NA	NA	2108732.82015492	1895312.03783635	NA	NA	26176604.0429563	34971030.7828329	2166374.28475654	5127389.37444271
150.96977_12.66	0	0	0	0	0	0	0	0	0	0	0	0	0	0	0	0	0	0	0	0	0	0	0	0	0	0	0	0	0	0	0	NA	NA	0	0	NA	NA	58442874.7549811	89087391.9286163	0	0
150.96977_13.31	0	0	0	0	0	0	0	0	0	0	0	0	0	0	0	0	0	0	0	0	0	0	0	0	0	0	0	0	0	0	0	NA	NA	0	0	NA	NA	0	0	0	0
153.01841_4.02	0	0	0	59936.8870254688	0	0	59267.708554771	0	143099.446450231	0	0	0	0	58521.4141584641	0	0	0	0	0	0	0	0	0	46219.8520614371	0	75827.6805785152	0	0	72951.4522697285	142878.857229074	0	NA	NA	0	0	NA	NA	105273049.310053	125438976.214506	0	0
155.00899_6.87	0	0	0	0	0	0	0	0	0	0	0	0	0	0	0	0	0	0	0	0	0	0	0	0	0	0	0	0	0	0	0	NA	NA	258924434.655018	389024856.155547	NA	NA	0	0	0	0
156.99828_11.91	0	0	0	0	0	0	0	0	0	0	0	0	0	0	0	0	0	0	0	0	0	0	0	0	0	0	0	0	0	0	0	NA	NA	0	0	NA	NA	8695618.26256113	44622734.3630024	0	0
166.01719_4.83	0	0	0	0	0	0	0	0	0	0	0	0	0	0	0	0	0	0	0	0	0	0	0	0	0	0	0	0	0	0	0	NA	NA	3725656.02286221	7376783.09180812	NA	NA	534732423.357649	927737821.954468	3785160.81321845	4219340.97837984
167.99644_11.93	0	40938.8326436989	0	39718.5208268943	0	0	0	0	0	0	0	0	0	0	0	0	44652.1426212757	0	0	0	0	0	0	0	0	0	0	0	0	0	0	0	NA	142687.985007876	73351.2494348643	3367050756.71362	NA	20707536.9820056	24882146.0400042	75201.9944742112	172170.392530055
171.0478_2.04	0	0	0	0	0	0	0	56696.7725724692	0	0	0	0	0	0	0	0	0	0	0	0	0	0	0	0	0	0	0	0	0	0	0	NA	NA	42782851.0642423	85893838.8547554	NA	NA	0	0	0	0
172.00668_6.71	0	0	0	0	0	0	0	0	38004.5355424476	0	0	0	0	0	0	0	0	0	0	0	0	0	0	0	0	0	0	0	0	0	0	NA	NA	0	0	NA	NA	257035219.381049	482118808.489337	0	0
187.10825_8.56	0	0	0	0	0	0	0	0	0	0	0	0	0	0	0	0	0	0	0	0	0	0	0	0	0	0	0	0	0	0	0	NA	NA	50196365.4531785	96846822.0311532	NA	NA	0	0	0	0
188.05588_11.3	0	0	0	0	0	0	0	46071.9007325193	0	0	0	0	0	0	0	0	0	0	0	0	0	0	0	0	0	0	0	0	0	0	0	NA	NA	86532012.5070146	147483885.650833	NA	NA	0	0	0	0
203.86855_3.01	0	154743.760724479	0	56995.8387348628	434441.052072163	0	88775.8421710522	0	0	0	4704056.66477884	0	0	0	0	71317.9886002003	0	0	72561.6588485366	0	0	0	0	0	32549.1024956468	0	0	0	0	27979.8000975281	0	NA	NA	61176137.2534843	45056489.6357481	NA	NA	110652555.929927	100198110.782986	57332946.5847799	64236513.7264743
204.12372_2.37	0	38314.7939097996	0	0	0	0	0	0	0	0	0	0	0	0	0	0	0	0	0	241039.724012286	117744.383315757	640034.671349802	88646.6324493669	39867.0061292583	0	90449.453845532	0	0	223661.506990043	413831.012740409	40238.9358369936	NA	NA	0	0	NA	NA	201663517.424206	319711444.750502	0	0
205.03584_2.07	0	0	0	0	0	0	0	0	0	0	0	0	0	0	0	0	0	0	0	0	0	0	0	0	0	0	0	0	0	0	0	NA	NA	26313763.0199315	49906428.2792271	NA	NA	0	0	0	0
218.78868_8.08	4226537.061454	25544080.8698143	15794250.9611681	31331968.8374389	16626527.202164	16748947.0167658	21033330.9907551	14940537.0990291	44519786.9399432	23671903.2772235	31117702.5971133	13194042.1942247	24628472.1749971	39024362.3626205	27881332.9485976	21847890.1691836	31108901.395521	31828027.5519629	26592888.8174839	35735066.8228895	26003874.0721055	28376213.5827259	27798334.5072257	34085435.6359972	26721019.8251514	32610858.6288767	27206429.6833638	30971671.8583335	46698508.6211559	37305301.9453073	22943337.8379624	NA	NA	0	0	NA	NA	0	0	0	0
225.09908_11.04	0	0	0	0	0	0	0	0	0	0	0	0	0	0	0	0	0	0	0	0	0	0	0	0	0	0	0	0	0	0	0	NA	NA	0	0	NA	NA	37408317.4995963	54708688.5027911	0	0
239.11483_9.7	0	0	0	0	0	0	0	0	0	0	0	0	0	0	0	0	0	0	0	0	0	0	0	0	0	0	0	0	0	0	0	NA	NA	0	0	NA	NA	39361293.5927432	58609696.1202394	0	0
242.07825_6.95	0	0	0	0	0	0	0	0	0	0	0	100745.45291291	0	0	0	0	0	0	0	0	0	0	0	0	0	0	0	0	0	0	0	NA	NA	4371198.44175385	6066428.64091198	NA	NA	86662891.6697513	125062045.009042	7114417.84275629	7715358.72469775
243.06214_4.85	0	0	0	0	0	0	0	0	0	0	0	0	0	0	0	0	0	0	0	0	0	0	0	0	0	0	0	70251.0079681004	0	0	0	NA	NA	5030624.10158921	10463671.3054978	NA	NA	36728229.8272083	83334082.0154304	5178589.49663385	7668428.4176917
244.08271_8.82	0	2574240.44871322	1842052.30276345	1721038.41604569	2173680.83684591	2031430.51360013	2159226.00633024	5202150.27705744	2225558.12698115	3121923.90455042	0	44422.8175162748	0	2322402.18706446	5678816.56517243	13347168.9230209	0	0	0	1574811.81101642	3746775.19632731	4276564.43413584	9211.62613728135	16757.246642024	0	3212314.04095553	7930345.73900349	7742119.7495431	0	11781.4868451515	0	NA	NA	53709302.6618437	74899788.2471209	NA	NA	51664736.1197964	60957791.7489064	62878767.219704	75205987.8604795
253.093_8.64	0	76203.5428580912	99841.7562957714	0	127650.280207507	132399.280561697	0	66735.6632047583	0	0	0	28383.8431880223	0	0	43399.6700238625	359207.174896798	0	39743.6352863084	24588.1128773693	0	0	0	0	0	0	0	264179.381874742	200982.430341862	0	0	51564.6406513541	NA	NA	11379146.1124539	8577960.55443985	NA	NA	43987922.4155605	33822126.7648656	11502612.8118403	9389997.6627331
258.15012_1.61	0	0	0	0	0	0	0	0	0	0	0	0	0	0	0	0	0	0	0	0	0	0	0	0	0	0	0	0	0	0	0	NA	NA	34496694.8966955	14001531.7765671	NA	NA	0	0	0	0
260.74083_7.54	4754376.52710674	18556894.5218608	600282.315272431	14190585.695934	15128399.7153035	0	1450519.94505088	1795037.80899046	9155013.82776622	11046475.424183	13449258.6200066	22230153.9047371	10581806.7842791	12559904.5849304	20707602.1873163	7562266.4195438	4463923.95156785	5094184.63023345	13286946.0153638	9472928.08754166	9957186.20201004	6870933.40058294	8729720.83934867	22373664.5696945	13861250.4741308	4162033.01879802	7455269.75736098	3907332.63263094	16172519.5624922	9262190.7930205	10086222.1975018	NA	NA	0	0	NA	NA	0	0	0	0
266.73455_7.52	3921504.1118178	9486178.62968957	1003521.97019752	9899401.32234072	9280061.04728827	0	1997485.69171558	3278043.5702377	12204198.0251808	3882079.32783464	19434405.6505908	25253139.452049	5174815.74726518	20388473.1862833	20906517.5233471	13405177.0646688	7179824.9688501	15886807.2565813	5519310.30238655	76117391.5099038	21189962.9642734	9931119.37574106	11432669.530285	27030566.1494511	7801311.66282395	13160484.2110179	8299876.38482318	8036380.66788668	31956790.9209216	18003389.6733566	15602182.3250428	NA	NA	0	0	NA	NA	0	0	0	0
267.07244_10.06	82651.6711175828	30475683.4667193	26437581.3740753	29807336.051016	31383352.3078825	28153858.3468652	27953541.3919327	48734801.8896888	26843140.9526199	24916156.5673976	1545691.0054616	3516496.05048366	2360679.67335203	121029114.84474	74343540.2300178	93145216.4000458	5934658.10711613	7538326.21656229	5262624.48160285	26482502.9649209	22838292.7594116	23939920.4792819	1362480.69553197	897913.662168207	1209540.34545338	36952820.8051504	67825646.4211292	67471064.0296514	4287042.42966332	8982845.45031623	12014210.0068607	NA	0	0	0	NA	NA	0	86385.9727670177	64761.4652362878	0
267.07239_10.82	0	0	99599.378892089	43646.000830475	1943275.79920291	212203.260178293	0	207115.269543882	40119.7971827856	182430.052861249	0	0	0	77075.8008873686	520382.470349011	441213.34538343	0	0	0	28176.3039084928	0	0	33936.2725497594	0	0	40357.4635848306	144014.929781837	0	0	0	0	NA	NA	80690872.0117953	55717912.7660569	NA	NA	85451275.7606546	61889893.725462	67954365.6455297	57427804.3811283
267.07377_6.51	0	393181.554819946	392436.196344411	422210.567974966	861471.947405347	0	127481.608952141	33835.9743135115	62436.2031292067	8028173.82748478	0	623300.066158466	33870.5653073942	117125.02605855	0	2820146.90785525	0	0	0	82934.1679987592	0	0	0	0	32138.1742737582	0	0	322375.083124197	0	0	0	NA	NA	15010331.5528979	10916667.2433236	NA	NA	162693937.785283	139622884.59152	11718796.6033323	8873514.46801267
281.05247_1.83	0	0	0	0	0	0	0	0	0	0	0	0	0	0	0	0	0	0	0	0	0	0	0	0	0	0	0	0	0	0	0	NA	NA	172784520.401305	323319545.368665	NA	NA	0	0	0	0
282.08463_7.9	0	0	0	0	0	0	0	0	0	0	0	0	0	0	0	0	0	0	0	0	0	0	0	0	0	0	0	0	0	0	0	NA	NA	7656715.99487071	10372109.4636557	NA	NA	103073501.633189	135427225.552677	10306749.7479519	9798655.49643257
287.11951_1.73	0	0	0	0	0	0	0	0	0	0	0	0	0	0	0	0	0	0	0	0	0	0	0	0	0	0	0	0	0	0	0	NA	NA	0	0	NA	NA	45448753.6207738	59947522.7925093	0	0
288.1204_10.65	0	0	0	0	0	0	0	0	0	0	0	0	0	0	0	0	0	0	0	0	0	0	0	0	0	0	0	0	0	0	0	NA	NA	62303038.5346074	92671584.5923602	NA	NA	0	0	0	0
292.89517_13.14	17644746.743656	42712876.4418476	38432307.702247	63239855.8452265	30694052.3483753	27036646.6573822	52755084.9252925	22007673.9242004	61749218.4686962	40574467.3998938	38412117.1797188	54131443.3541713	48360423.4787418	77368222.5445125	62750086.3412532	38796473.4720512	39798650.7005121	75024771.7451778	40825123.8729693	87674317.8762321	61872733.6432339	44424810.8760066	35640817.8463803	40966612.9454849	51784201.6248522	71699603.7934728	33675125.1038952	36732045.8819757	57662741.0698744	70294054.5234163	28707897.7353386	NA	NA	5573020.49577596	2190000.41695665	NA	NA	5041854.60243419	2825783.82646699	4897618.99670647	2028613.98682529
293.11468_8.52	0	0	0	0	0	0	0	0	0	0	0	0	0	0	0	0	0	0	0	0	0	0	0	0	0	0	0	0	0	0	0	NA	NA	88820659.7734897	149248268.7767	NA	NA	0	0	0	0
305.08816_12.63	0	0	0	0	0	0	0	0	0	0	0	0	0	0	0	0	0	0	0	0	0	0	0	0	0	0	0	0	0	0	0	NA	NA	0	0	NA	NA	29353336.9361898	38413199.2308133	0	0
316.73924_5.12	0	0	0	0	0	0	0	0	42893.3026125044	0	0	0	0	0	0	0	0	0	0	36627.8266947146	0	0	0	0	0	0	0	0	0	0	0	NA	NA	988744.213064878	1414059.2140064	NA	NA	124406423.693609	222898164.905333	651051.234224161	639429.803327273
317.05498_11.48	0	0	0	0	0	136518.381574093	0	68402.895995856	0	0	0	10291092.1139573	0	0	0	0	0	0	0	0	0	0	0	0	0	0	0	0	0	0	0	NA	NA	54458250.1027328	64056819.972547	NA	NA	48009371.5513274	54508316.8376555	64396778.209333	56291265.5258878
328.0456_6.26	0	0	0	0	0	0	0	0	0	0	0	0	0	0	0	0	0	0	0	0	0	0	0	0	0	0	0	0	0	0	0	NA	NA	0	0	NA	NA	234936642.291279	332339424.365451	0	0
341.10921_10.14	2234319.13339789	10812723.2864505	11064557.043211	8411067.18595028	8684426.50247067	10972402.460472	9233606.70469428	12595882.1440683	7166339.25299198	10586416.9936056	1482302.76706674	2189149.42712334	2915967.80836506	14867798.0397098	18371576.7156768	19050026.4680199	8846516.03314718	7475515.03015589	8401369.25203012	6052093.20055658	14788832.9385082	11975473.0197022	3296693.57696845	1373568.68986728	1369997.70046443	12645981.8464308	15942536.0946216	16113120.8462082	9312556.196994	18458998.7162294	28655082.8781546	NA	NA	0	0	NA	NA	0	0	0	0
344.04042_9.7	0	0	0	0	0	0	0	0	0	0	0	0	0	0	0	0	0	0	0	0	0	0	0	0	0	0	0	0	0	0	0	NA	NA	0	0	NA	NA	61320306.1417271	86601092.6080265	0	0
370.97476_5.03	0	0	0	0	0	0	0	0	0	0	0	0	0	0	0	0	0	0	0	0	0	0	0	0	0	0	0	0	0	0	0	NA	NA	624229.59909842	0	NA	NA	32011214.2059605	79319963.8081731	0	0
383.11472_9.5	0	0	0	0	0	0	0	0	0	0	0	0	0	0	0	0	0	0	0	0	0	0	0	0	0	0	0	0	0	0	0	NA	NA	37606996.7693965	57750185.0885564	NA	NA	0	0	0	0
410.08786_4.82	0	0	0	0	0	0	0	0	0	0	0	0	0	0	0	0	0	0	0	0	0	0	0	0	0	0	0	0	0	0	0	NA	NA	0	0	NA	NA	31876893.2503456	36761731.1387044	0	0
426.83884_3	0	354866.959667423	0	92165.8655386489	449487.929307625	0	0	41977.5805123121	54922.8467943402	0	6146727.84178027	0	52596.7243078895	0	0	158952.7824555	0	50005.8163472959	103829.81179474	39083.7346906553	0	81028.8781326796	0	0	0	0	0	0	0	79395.082210324	38518.0909133414	NA	NA	45517999.6341734	35069685.5121571	NA	NA	63718046.4616784	57796122.6927289	48135747.1913692	49358098.4218254
565.04823_12.48	0	0	0	0	0	0	0	0	0	0	0	0	0	0	0	0	0	0	0	0	0	0	0	0	0	0	0	0	0	0	0	NA	NA	0	0	NA	NA	30609575.2518213	45824047.1638256	99890.0966963439	0
565.04826_13.06	0	0	0	0	0	0	0	0	0	0	0	0	0	0	0	0	0	0	0	0	0	0	0	0	0	0	0	0	122785.791719143	0	0	NA	NA	0	0	NA	NA	0	178452.342777692	0	0
606.07536_12.03	0	0	0	0	0	0	0	0	0	0	0	25738.4602987154	0	0	0	0	0	0	0	0	0	0	0	0	0	0	0	60971.2346246569	0	0	0	NA	NA	0	0	NA	NA	28691988.9241568	28338045.9398408	0	0
